batch_size: 128
buffer_size: 128
dicg_emb_hid: 512
entropy_coef: 0.055211970417842766
epochs: 16
eps_clip: 0.19689068161484913
grad_norm_clip: 0.5746562456602817
h_dim: 256
lr: 0.0006268232581572517
n_g_layers: 1
n_layers: 2
q_nstep: 11
residual: false
target_update_interval_or_tau: 0.7516019903917894
