batch_size: 32
buffer_size: 32
entropy_coef: 0.33789775551071966
epochs: 10
eps_clip: 0.11012453614388162
gnn_dim: 384
grad_norm_clip: 0.3798713237872957
h_dim: 448
lr: 0.062485362958156536
n_layers: 1
q_nstep: 12
skipfeats: true
target_update_interval_or_tau: 0.07455689702484428
