batch_size: 64
buffer_size: 64
edge_attr: true
entropy_coef: 0.03508925511371705
epochs: 16
eps_clip: 0.08172083219807125
gnn_dim: 64
grad_norm_clip: 0.43989279746505316
h_dim: 128
lr: 2.2765294733954685e-06
mem_dim: 192
n_layers: 0
q_nstep: 8
residual_gat: false
target_update_interval_or_tau: 0.35773223816634236
