batch_size: 32
buffer_size: 32
entropy_coef: 0.004423362769628143
epochs: 15
eps_clip: 0.11121197247763974
grad_norm_clip: 0.7184421459543594
h_dim: 256
lr: 0.000433278983962463
n_layers: 1
q_nstep: 5
target_update_interval_or_tau: 0.8523860320313494
