batch_size: 128
buffer_size: 128
entropy_coef: 0.03319452285724447
epochs: 13
eps_clip: 0.14945376636953217
gnn_dim: 192
grad_norm_clip: 0.003940239601475062
h_dim: 448
lr: 0.0014716614646186179
q_nstep: 5
residual_gat: false
target_update_interval_or_tau: 0.6487979327727433
