batch_size: 32
buffer_size: 32
entropy_coef: 0.09999999999999999
epochs: 5
eps_clip: 0.11
grad_norm_clip: 0.30000000000000004
h_dim: 64
lr: 0.0008
mem_dim: 320
n_layers: 1
q_nstep: 5
standardise_returns: false
target_update_interval_or_tau: 0.04
