batch_size: 80
buffer_size: 80
edge_attr: true
entropy_coef: 0.04906325165753282
epochs: 16
eps_clip: 0.16843269634538896
gnn_dim: 320
grad_norm_clip: 0.14475988778087476
h_dim: 128
lr: 0.00020394988001255304
mem_dim: 384
n_layers: 2
q_nstep: 8
residual_gat: true
target_update_interval_or_tau: 0.7534892388746984
