batch_size: 64
buffer_size: 64
entropy_coef: 0.02
epochs: 10
eps_clip: 0.165
grad_norm_clip: 0.2
h_dim: 64
lr: 0.0009000000000000001
n_layers: 2
q_nstep: 5
standardise_returns: false
target_update_interval_or_tau: 0.06999999999999999
