batch_size: 96
buffer_size: 96
entropy_coef: 0.02
epochs: 5
eps_clip: 0.15000000000000002
gnn_dim: 128
grad_norm_clip: 0.5
h_dim: 128
lr: 0.0006000000000000001
n_layers: 1
q_nstep: 15
standardise_returns: false
target_update_interval_or_tau: 0.06999999999999999
