batch_size: 48
buffer_size: 48
edge_attr: true
entropy_coef: 0.01958373676298003
epochs: 5
eps_clip: 0.2577812504770203
gnn_dim: 448
grad_norm_clip: 0.5535133189002909
h_dim: 64
lr: 0.00018514417967994924
mem_dim: 512
n_layers: 0
q_nstep: 7
residual_gat: true
target_update_interval_or_tau: 0.20332489456783875
