batch_size: 96
buffer_size: 96
entropy_coef: 0.020614232002615057
epochs: 5
eps_clip: 0.302800301745067
grad_norm_clip: 0.21823786513561672
h_dim: 384
lr: 0.0018810007999171367
mem_dim: 384
n_layers: 1
q_nstep: 5
target_update_interval_or_tau: 0.7173929609422834
