batch_size: 128
buffer_size: 128
entropy_coef: 0.2993292420985183
epochs: 5
eps_clip: 0.4753571532049581
grad_norm_clip: 0.15601864044243652
h_dim: 384
lr: 7.459343285726558e-05
mem_dim: 64
n_layers: 1
q_nstep: 16
target_update_interval_or_tau: 0.16443457513284063
